1,1,3,41.2504,317.7509,-2.4748,-0.6240,0.4299,0.1849,0.2140,-0.1227,0.0657,-0.0929,-0.0442,-0.0037
1,1,3,41.2504,317.7509,-3.7408,0.0803,-0.4216,0.1836,-0.1210,-0.1002,0.0599,-0.0954,-0.0473,0.0011
1,1,3,22.1905,315.4990,-0.5807,-0.7096,0.4093,-0.1611,-0.0938,-0.0850,0.2484,0.1419,-0.0356,-0.0608
1,1,3,36.9405,315.5559,1.9394,-2.2538,-0.4343,-0.1550,0.0418,-0.0963,0.1690,0.0710,0.0559,-0.0489
1,1,3,43.4531,322.0541,-2.0192,-0.0602,0.4243,-0.1511,-0.1032,-0.1113,0.1689,0.0983,0.0302,-0.0325
1,1,3,43.5156,336.8050,0.6885,-1.4062,-0.4115,-0.1675,0.0477,-0.1042,0.2540,0.1489,-0.0456,-0.0529
1,1,1,23.4735,23.4784,-0.3353,0.0050,-0.5063,-0.3473,0.3186,-0.2064,0.0241,-0.0319,-0.0004,0.0009
1,1,1,23.4735,23.4784,-1.5857,0.7014,0.5096,-0.3390,-0.3004,-0.1556,0.0116,-0.0404,0.0077,-0.0030
1,1,1,23.4597,35.5562,1.0780,-0.7902,-0.5255,-0.3494,0.2612,-0.2500,0.0498,-0.0064,-0.0085,0.0156
1,1,1,23.4597,35.5562,-0.2451,-0.0534,0.5246,-0.3527,-0.3351,-0.1928,0.0307,-0.0261,0.0081,0.0013
1,1,1,23.4612,63.4520,-0.3240,-0.0218,-0.5211,-0.3569,0.3080,-0.2358,0.0372,-0.0207,0.0025,0.0046
1,1,1,23.4612,63.4520,-1.6051,0.6913,0.5263,-0.3484,-0.2919,-0.1846,0.0235,-0.0318,0.0181,0.0015

